R{"p_coumaric_acid_produced"}=? [ I=T ]:
T	Result
0	0.0
3600	0.97
7200	0.94
10800	0.94
14400	0.99
18000	0.94
21600	1.13
25200	1.0
28800	0.82
32400	0.89
36000	1.03
39600	1.13
43200	0.99
46800	0.95
50400	0.99
54000	1.08
57600	0.88
61200	1.09
64800	1.14
68400	0.81
72000	1.03
75600	0.82
79200	0.83
82800	1.05
86400	1.07
90000	1.01
93600	0.95
97200	0.85
100800	1.06
104400	1.01
108000	0.92
111600	0.9
115200	1.01
118800	0.91
122400	1.14
126000	1.07
129600	1.12
133200	0.9
136800	1.08
140400	0.99
144000	1.1
147600	0.98
151200	1.06
154800	0.84
158400	0.97
162000	1.04
165600	0.9
169200	0.93
172800	0.83

R{"caffeic_acid_produced"}=? [ I=T ]:
T	Result
0	0.0
3600	9.35
7200	9.08
10800	9.04
14400	9.39
18000	9.58
21600	9.21
25200	9.22
28800	9.47
32400	9.42
36000	9.11
39600	9.5
43200	9.48
46800	9.73
50400	9.49
54000	9.49
57600	8.75
61200	9.35
64800	9.29
68400	9.42
72000	9.0
75600	9.13
79200	9.37
82800	9.67
86400	9.58
90000	9.32
93600	9.74
97200	9.62
100800	9.44
104400	9.29
108000	9.77
111600	9.7
115200	9.47
118800	9.55
122400	9.04
126000	9.22
129600	10.34
133200	9.0
136800	9.44
140400	9.42
144000	9.18
147600	9.01
151200	9.01
154800	9.5
158400	9.27
162000	9.21
165600	9.16
169200	9.48
172800	9.18

R{"ferulic_acid_produced"}=? [ I=T ]:
T	Result
0	0.0
3600	0.01
7200	0.02
10800	0.01
14400	0.03
18000	0.03
21600	0.0
25200	0.02
28800	0.02
32400	0.04
36000	0.03
39600	0.01
43200	0.05
46800	0.02
50400	0.03
54000	0.0
57600	0.03
61200	0.0
64800	0.02
68400	0.02
72000	0.02
75600	0.02
79200	0.02
82800	0.01
86400	0.01
90000	0.0
93600	0.01
97200	0.02
100800	0.03
104400	0.02
108000	0.02
111600	0.03
115200	0.0
118800	0.02
122400	0.01
126000	0.02
129600	0.04
133200	0.01
136800	0.0
140400	0.01
144000	0.0
147600	0.0
151200	0.02
154800	0.03
158400	0.01
162000	0.02
165600	0.02
169200	0.01
172800	0.04

R{"p_coumaroyl_CoA_produced"}=? [ I=T ]:
T	Result
0	0.0
3600	0.32
7200	0.59
10800	0.68
14400	0.7
18000	0.5
21600	0.72
25200	0.49
28800	0.43
32400	0.48
36000	0.49
39600	0.56
43200	0.44
46800	0.49
50400	0.52
54000	0.43
57600	0.5
61200	0.47
64800	0.45
68400	0.59
72000	0.57
75600	0.59
79200	0.61
82800	0.36
86400	0.41
90000	0.64
93600	0.43
97200	0.56
100800	0.53
104400	0.61
108000	0.44
111600	0.57
115200	0.63
118800	0.49
122400	0.56
126000	0.46
129600	0.53
133200	0.5
136800	0.48
140400	0.49
144000	0.63
147600	0.46
151200	0.49
154800	0.59
158400	0.43
162000	0.51
165600	0.49
169200	0.59
172800	0.59

R{"caffeoyl_CoA_produced"}=? [ I=T ]:
T	Result
0	0.0
3600	2.17
7200	1.96
10800	2.31
14400	2.25
18000	2.32
21600	2.15
25200	2.27
28800	2.21
32400	2.28
36000	2.21
39600	2.41
43200	2.11
46800	2.27
50400	2.04
54000	2.33
57600	2.47
61200	2.11
64800	2.23
68400	2.13
72000	2.34
75600	2.19
79200	2.48
82800	2.28
86400	2.25
90000	2.22
93600	2.24
97200	2.22
100800	2.21
104400	2.37
108000	2.26
111600	2.14
115200	2.43
118800	2.43
122400	2.11
126000	2.16
129600	2.42
133200	2.33
136800	2.32
140400	2.14
144000	2.27
147600	1.91
151200	2.25
154800	2.06
158400	2.08
162000	2.43
165600	2.34
169200	2.0
172800	2.66

R{"feruloyl_CoA_produced"}=? [ I=T ]:
T	Result
0	0.0
3600	4805.35
7200	9636.3
10800	14461.45
14400	19284.26
18000	24122.05
21600	28940.59
25200	33779.32
28800	38603.17
32400	43424.33
36000	48255.01
39600	53085.77
43200	57906.94
46800	62741.73
50400	67559.35
54000	72374.2
57600	77203.1
61200	82029.73
64800	86851.92
68400	91683.13
72000	96513.8
75600	101336.3
79200	106172.25
82800	110995.32
86400	115820.97
90000	120651.9
93600	125472.15
97200	130308.92
100800	135129.2
104400	139965.47
108000	144793.3
111600	149618.17
115200	154434.97
118800	159268.26
122400	164110.39
126000	168937.6
129600	173753.19
133200	178567.36
136800	183387.11
140400	188211.4
144000	193033.1
147600	197858.26
151200	202679.28
154800	207507.08
158400	212339.75
162000	217166.86
165600	222000.48
169200	226824.61
172800	231642.99

R{"feruloylacetyl_CoA_produced"}=? [ I=T ]:
T	Result
0	0.0
3600	84.38
7200	169.81
10800	254.86
14400	340.52
18000	427.91
21600	512.08
25200	597.61
28800	683.38
32400	768.46
36000	854.33
39600	939.87
43200	1026.32
46800	1112.02
50400	1198.9
54000	1284.04
57600	1367.87
61200	1453.73
64800	1541.15
68400	1626.06
72000	1712.66
75600	1799.49
79200	1885.59
82800	1970.95
86400	2056.47
90000	2142.77
93600	2228.87
97200	2314.32
100800	2399.42
104400	2486.37
108000	2573.01
111600	2659.05
115200	2743.98
118800	2827.5
122400	2912.53
126000	2999.21
129600	3085.58
133200	3170.92
136800	3256.96
140400	3341.81
144000	3426.81
147600	3512.77
151200	3598.11
154800	3684.98
158400	3770.64
162000	3856.18
165600	3943.38
169200	4028.89
172800	4114.95

R{"demethoxy_or_bisdemethoxy_produced"}=? [ I=T ]:
T	Result
0	0.0
3600	2.66
7200	5.18
10800	7.79
14400	10.42
18000	13.12
21600	15.85
25200	18.75
28800	21.41
32400	24.29
36000	26.9
39600	29.54
43200	32.14
46800	34.92
50400	37.47
54000	40.2
57600	42.92
61200	45.56
64800	48.07
68400	50.8
72000	53.62
75600	56.41
79200	59.11
82800	61.81
86400	64.63
90000	67.28
93600	69.77
97200	72.55
100800	75.24
104400	77.81
108000	80.68
111600	83.63
115200	86.27
118800	88.67
122400	91.46
126000	94.06
129600	96.73
133200	99.56
136800	102.26
140400	104.83
144000	107.49
147600	110.38
151200	112.88
154800	115.45
158400	118.04
162000	120.7
165600	123.42
169200	126.35
172800	129.07

R{"demethoxy_or_curcumin_produced"}=? [ I=T ]:
T	Result
0	0.0
3600	13.34
7200	26.45
10800	39.43
14400	52.41
18000	65.78
21600	78.94
25200	91.99
28800	105.61
32400	118.3
36000	131.75
39600	145.27
43200	158.58
46800	171.66
50400	185.04
54000	198.21
57600	211.39
61200	223.99
64800	237.13
68400	250.1
72000	263.59
75600	277.38
79200	289.9
82800	303.56
86400	317.07
90000	330.73
93600	344.51
97200	357.4
100800	370.58
104400	383.49
108000	396.35
111600	409.42
115200	422.73
118800	435.97
122400	448.83
126000	462.06
129600	474.3
133200	487.98
136800	501.54
140400	514.25
144000	527.44
147600	540.79
151200	554.19
154800	567.65
158400	581.02
162000	594.62
165600	608.45
169200	621.99
172800	635.15
